113833193876191141837851181753970240436626754576211859854258341085709299575410
95794339830960218400035992491785242981237690416903683351669595578385981949850
106689837095582680154917724084506151809275472579219924062698845606102213225728
95551641870775487968807781724283895018628679557396494746366163408658414276318
87878653288229838957964349365381401650478449001369959434971146007443024892508
75176308151456613223352133688444290339372399250250146703853209048334543978122
109032729427569682369092023518943745809129188856911359653246858776645803571906
65644578349497561351266365046724928519254839463439604367775263315041145556545
79496922760783116048038968293738323797184399677341714683725749974198748756426
87860290301018674208049818238658372524785608786019069367757986711165272750362
101924362561218902415282035295584582854207370925594842400772568344222691117413
108134028303030460559786053243239918620771995225005423199371854931704809867160
110833703915223131309645423706428067016771115798999123617435037543730154768205
78125978415550675544109084404370583304893660228267586274233495615279460102412
102576236572710047795376140131546555086946552814204692810825595990271714735969
92481359913957836435280119288256936478606004962895553348969026536382273322748
102444815591242368360294400549869859846286216502542064187358009396890589660469
59401204928880278834741775614837652998821881112892266797710654133457100856152
83540194973723252721695537133403342308332734402691114449581440552600537012101
65534077447757978680151014882917662854980548790730262065247857391503580882306
81390930531236275888616259618796665668468329693391195054766778879122393280091
62339610030577239731718969792286433430669316666217549711609544897401470182239
114227345975024712424206883581780626833516408648451305994776841608656891183931
67593639236491113365937277062870725532171493571602439171790608750194825888607
103582187714580889508399328360176314556664905082020738899250392293730276784136
97063522200605195586808738222349855576535134773354922295347105451149255750201
98546721892441259737058762868506695924761568152797735868802257418468951932783
84071318064655811052329437340404414774743389509273828192874469136998622913914
111510163990813518640636927119902985151570110047825742567613538765641742575275
69636795258909443455887022666423226489021491075934041933507426590475946065467
87315183092200975721071376073651818968733226904585311768802749400431017939224
95771656657234584861991791089864181214488923127259461783845738899738969892197
69496408393172134888948695168713354866463769894084701550855636700521536838094
71815061991022696420822133371351183127827508017190229889028032892536949796957
63366395359057753916869884915634577642815862962919865948430175128924226932553
84989506829072743161228791502066332108430571591534430386574707072977278871937
84083702003648636670455928576467920724369759536644053476541684244846100015192
114699332455073814254347070860467127758016771722173511329461281195674299338226
114423817001545253538786120740170327643074840262664184598285704317080918397823
86710003590473188347579845618238284781632535245727352872021301448383156490955
79203510452152068236952338321737170767493293789990936193709570208108171225678
72580151121053990683720957008814014770356442637907498044820977874053795993714
88083872969912628295691548832960353636438353336186468933691126540346139088682
74833689704573795139001703919077872813656152341985074001043653632697483597930
91410947204391745079901068591782144945634795168905785859629311444537730325983
95992531541489882670705091823417777771671403405346212919811952803876473986517
63932354410981651668021483223513032328134247077227134635195931190359248883651
83220231704077858281880673176420210950712950871924050521357260263338196137762
66150781553139821815283447472471582354320366383340193097927678901992546665371
79447554181093020944199733805075296604277328182256894889840347956165567436378
72172930525503709624953662410856573198961848041539631733708333988775261642893
87370270853624123391707642456418385639829762739246063559243529408249580723463
82841423790500507009332023889924464367545417009386640986349651112669703705419
99364994035128418867643832973545499535546641637332961404012462017322766657764
104962126014104869712737815351112781960857760831469584596408388006089701855418
82157545963214826882346433312424075623956795005444067378972157113849310465981
89577814683307152276308181155181828815723098437651707107353603210383680018472
94387184137127656765822829739949847574925908215094994585060618152809746033415
98019136463370655974667981904282352027017858345201724576559275296145752084164
98089009920048031018016160524172969702802472054532053078752055920154230067310
101177023811172960511750327586846127285811625325942409523678679934041684352818
104270112865365383622184385757282086360275175873183347409060048205604936747249
65043840943146517562814558935923235803248081857745678743350226645734212946268
103270012508346101865741835191252297378951504887022379756777044666842185500657
86496945499272178214773122005010856298065015005136182631901874078050360070670
81459813473929670074940034099132806040639247213882859436544933651908343356717
66651346770356135212346258363681397901872879318270637051256781886633535634930
76091628697140356055509012259284611574311921494714917154467003205143887518637
89637019726786458115386290228161795401012038388184046793682090401953471158584
95080519195041356984637684888796908450588826794887739096993250549950551055954
111780225588836105650463476119988217590702888531255942097068807201970008689557
82712751099790795609977278881133290173828251973740642607917269403205424421077
115652607980685087621490099807333935290181066356400552307645561496327407483087
103144216560259451064980514440722278956444131907043173934219690452557114388328
64808306576595860712971013505962069968415204067386532599116667041166260428767
113883604937555511535558730305701943368628130083549987390711149828846598286512
72177446258250635395934644741260433660526266043878888683028006959209214418042
98128699907620062811401899896818123098991126454982492775909238681320703968585
87439327245386604811917160499239708907983255676608616731453646171899463620588
72228837872830803468878169637386652943208963150962759762173615700182168117669
59428719828717611957241998148917498898160577862774330356151186201298050376850
106314320865785200025350493997576729146394212543884138737522273040964905256474
65568229849442800000723310660833804530477000305866276225008450166694283584948
114126100100105931095051956084209735613742041662765781331527724266424639527017
75953995268914060245682256746714487806478071400697352873980941551392888996059
82706134312300759002017546711112858267826881170688405957223270029963963711035
114753416218055886774030909523885208537448212362722239386019398719273749953579
95064946267071580635310621070274816679876086802256183159469205094592324783803
88150279655640506709636969940672243229145449816137183298190736802247643116325
114269175644885480358424163418971309443209037228731906927896440731175446465009
79910029569362655452290279921412933683944003553582945045703713735141811205324
73265564086581254106413670848445060233802963902490345831550995427497043079407
95271835910481570110414945425510813351299585055979514763734977682649750794619
85676051574521912151920937315609622464848743291381562148046763845989284223146
107920234160942512221165560360752133104304212700410726908538150627264216910592
74348468768544340141303292741128008510847276742514381181442521829762991792806
109196258450343547417342054580638629328562462372061589810829204373904918013014
95656339932193642982924551280396386253539348470300496930809435692078233296095
103288272332190714655082525622825981940872580191949339855918220402224254849991
103655762758901442756003348358218231160604832786984582249824576602042462828326
105174214944967307063499417510175501030207601697682824539428857350769505356882
61367444249071333476808879796061576662854323595980443851103532891979396633597
100700921523268236154338329981593933837647441253896974294745174508789126916108
102018352441847877083426157702835432410378032382425156927492007727127018910314
71733121816198195552201139116515642652790513332233320347189784769797488083648
86151217859832287937624897075429265292502243218989237691545758449019512796666
93283708224979460111124976315704121095997690155323884952653964711632552254268
108792409192158734370428645583436140018062728965519363365075985376271699276416
102543009714978460089321205105104162474842360238014337209496617795177836325452
85150858004140524647426099505175320937343191360674689692409443889096069477206
109629712309999038742943266746421519802469338530315461989027237600313343633569
115586825824744117743740380807888546401013332014659290461398316323935751252906
68232641775587448793360510908634956619521176786040932020726772464284382699196
88276606913100422358472783181932333694494046881532725564859393783406089212823
88430270527176842531721768398659052880465745448604132391516006668999698103330
115491545763799224332924131412966961401355976760930960801134079831912931182838
76910399049675415092675360412370773921753488105928941248269290535404179916403
82016448906576646230444940132413826301711154679159233134549380322624363387135
60948861040013291525581270564237472716361248275366709402889239607586958128030
75433438998136702298390223998361937355668452118151112526005017258438314547778
98222570332373719897579442299800369241232667118949328441231148383919760917394
86678793836496444175466007086291776255573270344046722985196792681746002461887
103919198363326740833630553779637318310158383132974007309469893710956948678693
109343340081474863635062617699306843417673657112877749020041143994987308616380
104864862716915550968038292685571787347212278586189048007111677251106368551581
81937252110692741778646185644361902164419670753238248606759938875752609940022
100524160118745364478150630843077196856746122306121051750973772401803359977643
72226543669245928669014329488699462587036030228062940013188314192581642144744
82399203794917079757849129791462690363866498376307274574689878335793509413633
74576727095078467405917028645559768474393328105744518085468175431150491546652
105013793397036684020926108651505974595689107586396995010362246234220071023914
84014019491796160384814420216488793713508175184761902657514196693705341926950
98598831992150658194584160941074495324248916135316184576102767996811625621247
63589767445533866800604814333021215456273153586388545034116815674495819878489
102901234871763603648638532057182015283405534231154879961556067163835986497570
59610685823005354005644415764820353262626972124870299744551908679881200992702
63413121143627335926862431136947476068089003567276556462211359012590474042331
91095917728968547524907307357624242959832673889946785423777414166667006380992
61866031151324960478227688616682899366926261974921864049127539507019581444331
65303598155208605918465229486624681468720469491351342370341811953741859679925
74180199541398775637850379585942560756638082537832670008604856257797426115408
82340901166966815280505802669030195187189396978600838349591379529755897649698
67749774450602320066315666193254338058639990768255068205628384763939647454912
66568274377882081819337437864448339974601883382435707606737446253324252833841
106577795320296570281038943539878900644543341078278190246226081611079846602361
67416370432347219981923104025321197200117800946813794051770182110682050526055
112254981949287209264046153734124101701494933461508932941964266455350568357775
60290839995539951663907720875101268653613395992700417917443274380589853792210
85324519346792030501217001924891602893604862715068489977373958121214895004412
100472960730426713824957506622415368585356562944240616826980165929138607030547
102943645215993241830197509164493615729670642394939204226210750808717756497799
95989756917203591442790228112888030532475740422776006487149664780894956450563
83081031905418892094528226258464130721517349149725349136881304450006687773497
96465143494199842218911965497212282267751121538355264878729070969109690888721
77558690121302249230866447387454273061252341580264620823169759335091786699586
108728332789672502962568502889047689601358611246210100541010800419439319975284
69042581332771909186780888056188411829253116906334836490598654366290803368116
96899503660499903394455341236700429871331594418987083337346656085753845562718
87849466735514170437637663493831057799210555779248629862736119882644229833559
63513550809017457104256368347160343975373776007734881389544259021608456221322
111662324755676377751330111308264635671646017925583631853757451094040649700009
73389433971493886902940242065126380424985663486158366050344646679301669126041
67881125906437167578630560582546254093356920137121866108179866671552662251242
78601757077004445005382302849821752240410955180546805704034425505910354393192
59614353386772251443386426618331286561595322534385255757836978317905071652587
73634455994381725052839808404736461547496546970292891229130949702155303230176
66991290328186238272282836573166862118434551587076085999679530999493955748478
70591865615622040332428536561113964147095817406329622699980889102836303620461
86772256744098484988987938157210395568110729187682095557853568430991998800244
98689071810296798431519670369445381668838193783687063715218214896612373710878
99646483352312872163688237759713350734229977617320825958535133980176189543941
89852092900922687103291202711575670224688796459144136207302398254231045238527
79850739082458307110409839202027455774232840164159857582069962453894553959826
101770596808604408827276233214093922320114247787442129535971027950453988796568
86766524068778868478318095774160103289180136186940618399314043348298411894083
101218351097435729761850046249473231583499910735345242143780849246269019199692
84223655698965046365685744631075053668912509686574529820871678966990725816316
83857629410267032397357234715293998058946373262343720790159692829906550543793
98178020015089877674340490046555765066997196318607395723323386929337126780468
91373858951594157666481657523312587037878134084076966383271175829897915189262
87168474846377754616267015085626470938820513676780253776021598702012739914504
97315407193787177692086248918993772219318589823963216516282459234995464951078
69692808930909406228655019045077103573652755845986351517422871810928998523901
114762463643979887593632954468774397929583293609396830338616398977867588727725
75493568697203935768087964100020150123139418776163430422006287794750718632408
112829418044607530846402944667272300981097864452834802258992561729162351498558
85160389590812472789120515125311411574181191548995001018447478949433086299246
89857878405759728054574162801814248182233538524918489962511334637943852318099
90973991017560947968373132329149210322162933698244123763691852327606051879738
72417358044566309451398160875137529173825650523446105046981809974275474773261
78151549075402907740591004707090226423170220411551459400623062817721089335297
93940916139638970338788821304553467803708696380518029384363147240538216653433
108412502807567943908586026824228608212624939224630580713337500447390034977083
83854947770694743439484756762612066784067144654254129141398150198214621257202
115188699111235773662329455402919157615844634413171731815462209332952496281700
111226423296973756459590388584144756475755215326283210627722100871049899693670
83406741730164641443611023103311888609591028046970221264867893239817851284636
65334086722892132986075329439131931152754718962083807009687581655075890755798
82186211371110389757567982996105979191936626000747389464944909863566672570914
83451732766747984663879950813623536321986960966135114896587056156206385649349
85065526196242913974910761992825200038344927353028009623720795526324787541447
78602943581173580584721413869411817693460777307203813652655677648264445520507
60325369757486714979526648668297231688287511652594365857260448421234614168429
65940877256965681891109754922741359548422702824411636602085542869816206610693
85609182609737581405281785277237354682906517619590706359895705816785121033745
87004302975658011759472874572337153387118885571554383052339886903061560361065
66151686068043571773884609600613210680476471104624271574461826913272077867317
94816999762239167487100713667833699092322031659916755933465167317095384765050
64574908081556618405917399321356988629249884960634716878631794181164576173076
114370398826212186033998846571420187013657972343286311358800698283257210171996
102347223158119571194106465913166367012254539727308337549644442651441584751864
67749723368211641134633572626840115018658818858959654265270463029479346181899
80678683128476696061530822996426393190202149810790587119517271961195296426062
87396241190995025048970158012991561963406637987241447516051185593498255851707
82898732556031645225329186961746516650435104623769521564833440715775713495433
84303677134270012537865006653417276011507202224673060861689548104555518843861
99107329370998602624243343651945987791450902071514303788107637994965606029993
61496922635487939160262479262966204854762063906903961059579318307621957611584
115584883508838484529958438037072109547116520169408585219738469704340512781721
112507028378885707839668193319516627580476099283799121140589397734174122317042
96106594253632134072887885446920124716391976159939347236172363142648357579722
61498784003779955856860840216091828831267292115052627159880711664078068841326
89056251874321249818839332809133996690022880069456940256887766081656555331993
76117851148102319053291370623607263380495114169445994577546940917004255385730
62287806907191061730977066510336115618568901474842146684443239946353428706612
111070065583205246910616203134671350091216846757172269096241668110834405604646
110552943604157721178459846405774814755665192549941926223190734701879621093709
69964741878820132705465002412932921121153863554238834373178647858097296196614
111150829812351728644743359490892795595405500943713737808703038060520228763310
109946074254087539706956329262665219759922741556111285637241602388975364692134
75014165334344285927917592368912789588593078975143663838208051889801240919641
63373042597498632100059656177336155271167009572512864085073053684381639907813
97877498967108268524307347917567328930948588296447658326079603070973657567683
94955515756865719071496413718939232425154101680577090455198825081421557565768
88053034891133992198266806057233168293805647435030980442776729553643527034952
98672683331817369946830374811498016953293458125263376849703769167670970307159
83036608720194504814297735501223377496016601962596958806406982288013745248159
67295792022224922758115808181645283184144813232348877103955859354130355871393
86776212003464411810002127006693868736421768269069944540744333588926291926598
75784409545811684143229812653533002920696350046620649555265856180760321054734
62594210154472897413089273705856286650127382452947553422965304604888967640443
79181284061796538794033280113780964417114732030473177043212316862473645656608
61966382895461475661966922829815500649455449931888438371585040978231992007180
64972928161820807450332346016880401661085680895383390365501885196745783745701
110481897786754018114031402125273967493175502220443160520579787352277144002791
84388468138046818388693480897695025151170078066289773519202319043676375213205
114827880001103707404392343399136391768554973876268105421083967202955045709534
110505612196931251474555204917321136781600256045542859288322700919973036807318
95858026107224366607768206899258462687750586795699125851672261766792046908503
80477765952588678412722617716113881783428725548304825784592543531828530362913
63544784430575329556726428863418411381626103071482089299388459957604849367279
67270469034171088104011433020005472128599395009275963994908177832496315707380
58511719415531448556860433078831055925769720303292528093095888466373716780505
96978638311253758396571724022308848458907833231261621345780813723754391346714
75326710217303180971759503767740400463390717215407272838207061360521088517121
93077192185281058692418215872657798272634284215406158761810174832508439232781
102586554494255850564567191960168212328463663355505750398867320676319883668706
115255193373042985704877940336095027214111982210045216090157915442464288127775
100286566057528008921807533643761278907002504636450887875767856800298746668439
87715273974674921125781862544914513031293869131183503975016701039498366829311
108796521967768408271411151886226504739786718162377492670097085522964538326972
110330782383071221715850336248792928519072815840792402384874749195653694699618
63395549669786648561497231454515233101601778074867152444498992344749898103058
96219921432762957452725729334961943621862777777247680833074144867312873876273
75489889851962108976042216941659592694463917386540989625560789341428655742568
68100786633609415487671529521286703674015260373565421063256296850917196071480
78133241827231327172156640291174665893201986028664284019322931446114265077043
94255446560950485772858876183025671374747279170945005114133190719763207187861
73499854975992219614648416836120333301060199229060775008235997969598964667364
112333202098976065548870713086275889347635136766392401787651178167749348410012
114906106764849418627152077174955774824148340172997191661413589649795218560751
74574747096896125142251034058919633839099592009879383211169209923501247430751
114933871121030424106977312620672073999117784449791426377728460876520322366072
60266449361761241178797593898915380602342577582457421732409371542378028765487
88777849407782011131374590316669343473574234699971720608209333737685932458878
80154693242615551535480911456681939446163169846743724291978895274876104001920
59137122625345768506176934059939197415935961854079587492274357631161080639876
69261614011237115605152332086654352543071592612960132971094054784452755338636
91960318270142819221765977547038798027609288744406349480481347083666283431575
77528266092774532706164993375324027617461798022421858753170853052080113170934
84952373620103057760311546410766163222289913689759270011825099315059340236534
107595901918701245881838097985782151699290132041718399669984643517444154715266
58456090927971118833322328680678121452211190845793265405848999762409963260440
91902784625403142137938792380337807760953466726157094087966568853906300740066
87142497252497340663932795909402043851622356900956349079033254900116183037212
72824264100898408642821709227013121221854878210184731902151646891771345995999
112929014535072661358756338248820250957943005963400087113208147684130684679828
80777446712680013186194978322649105072802079281623217343945852242873946663778
76952997341559281695302411207358787716042473783324337661788156778181015625418
109757070239547553702446391676407042621868809976675917181343960936945569146334
74981265540007948708857215219940052429010171393857002900437896315793750751882
112192839183824804162647535511053701270167953667512316438860943602968420776839
66808134813844120134504976521890943332037161705382646655149994114126319747517
82318117849443655659284986436145816808066756902436367231253932993179667627638
60058248978008558079553941331691034977013208242698432664909402137373473185113
81636185496223476761159401555993136455553076749576927288229669058751636959914
88018235373202860674681453662490114090980364136981036542049809735312391729227
100425779812043701438577388298949668687707978956415255554714854815172268857328
58312781817414666920839450484471354142344730057449622388288884659675873148084
89638994172505112210718131061597784484462653539689796438173348285129511195311
78264667636486967615476201153797119365321872470379723837797964560770484372217
80467466114817187921339892738432955443966839917944112699425417474776533003709
78344013993891114465215951787375599945929205467024444681693611689120095831993
62191167276105654383837678751493335725358667100434186568379603612567570866731
108744199729879390890709172624758188113621826047390491354573371231792759305337
58288279100684144010021121614084734403601039328034799310733452185875635585638
62685511923429454199716279216092705590374326459498966463076127761213218944205
70956322824960913609643347883245361612956260936527565234940666194519544069242
83437264079710389691693976267664645746130152423694195386930998469930169044158
99587165957585196581380402731698469234469007767329377976899054654081677333203
75441589159938061757036004171124951247538513851098890789768067744859100772973
101068775441844551433294167049527112910965455559803974193479873367604515860745
106057827281687674379780925103671221090565820151414716556941187782831842364187
99187737058925358542786985942013413281904370109808306275009828901861681628690
76349881299722118277069010079704554340863340420940257979491554424926606033654
71440096158310832262860592172943357228679044559129573221134005694780990887644
90543457425530143574386390719350053029515361109732245430519005096399393546659
97601101575398851370017321306483846716505387511834796893785727871546871663166
97122274032616126740638161023373890983981915468897106155544759466932473813283
85220443510955867684784659428779665034095347466462842650755717245765893108859
91306710939672849173121394146893602566250401287920910033527592213120994588874
102511386320333636476377141937464956388727854735778495206367464780563400036353
77689314286048201988075458713415667919379491929644755476107635295518740464626
68266559329135746738847756791603302718738248437036826352289755031184792078117
87021265161534023913283273689329062696700713763477384717235739655830190840406
64260494082445136743558433069051865447210554341797445037249816654663879195200
99255826811373754391941655852927000912555743908542177252457366838574580241308
83831272019733656198025135823044873041481665915946813403153626733014734622911
60314544538573218797404609174495108226692763423046767209997213067008261957169
60163831037684833389106022281908736216421162995752460134249586887431361525595
91066045714707375995475341279365084738819813634790246647348006802261521531365
78890942750558002584053551657773694048479194254656259609795459710683069946237
99143865756460000178750112013209207470278601309444098935812319994254471661696
93096589538395761808933465898374593355529020712514410539798662796507698800583
98534110419765610220412819898689780044265035009017648835260610003686286559328
109921740744641765130519168300330594133337691893783905731632845544901694286585
101857405088184538868634426296514456324544217760195435974584065104640416346507
65133868891809410696261346834744850604811823029302407392210624374741716474359
61243272408781858375873824107988357177992866343364452332560564497469892112657
78167300983032955446262443811806278153975473025883124503457128059687220153261
82470200513987622973434362812273226144054262385047745161044469687806395513998
85510346999103370205367420925771439790618953534774389729805130632192016910513
104354479461762174697390330225580299308149096761332199216168132451493343362007
104499625583719388243837398975910087455510381331373997712750156516701052799096
105379997893573686962904692091535216874438004303901975687152866132049359341021
76484210430390813566471445276427140679095910976758131508098021271360798545535
70677114275175971231717936182326191025271152365879771613890430697906223186357
77976061546338733237360220099000988070793081169976896755377320605112197122056
79786380650214765319824216248743813208951204777338839267118991719817053475945
99024960155858730247994185802767852068091113406312935322166333266238219784785
82220006910124424582084404046085701753059424352930497091036598599999811639850
69377325873464051248957026255559154241754350430712359479918354146111540443144
92335193314679595008726235587145817014240828018213653070733208335462440373353
78730652065857544063658805391893294502869485790773553038558965028455378448099
89146394835831176795588960657611543324676447178521568762047900523355177747629
78119067352804851441050336671317499087806472302821318016494384928223144627322
107569080110721948831153183773408476304154565565764752617956607423999577062189
72638276719443805632783705732675325218825218647726692675532579743101603210728
107760691152503498757351147668164496017373626405190076418677075003017865310306
82128584282286203831470471647304236498427354070173853186244435333502791133430
89525102956408579713361490763452963470288349961915855467626902139444044548105
87843297825542284728148804891226116560640935841405419419759529433526095723498
69205206274872302513452591717146343149136214348969842558422333247263769761716
64748247260641480179699780930287818033793288394057410497924825889813615163834
110596123178119414365271277342751799556957534501502412784840739895227648529619
67623873148808016175320633660199413970438797051296044454377751643880877206883
85690544544167018443678158127067014682273878553698663762323270947267208458225
74980272138063277581416748976109597249487333818217686663991946729968790461042
69761980960805207859664453715086122077877452331377788090553866411999460450876
101405362865217794519759621642937184580918218843331940605699818156094572402845
97615062338174038875052515108988371508964608453365706607952840071397736234670
107488561213491737203755073551969631850391017983020382735981854015047879151575
102920094195447955883947343484553337498214948258039640256715026990913304918489
65839538823799334797342017460713306370329177309335075822084698516150231947625
99970057433606194498698213920574373208821507077608606389465954449724781800855
106324230309104665305342249411746740961210214002099325179757311698213716523314
108772102293293563633773916408559475987857636457378025080297725604470993395320
58414122376874246106149633566105759968429827052127722587899400402802521014652
67312876114050057746360057841579085885654149516280584734435931475003113917141
87938741198025289382770493476050061921534556766614532710667591822848698668694
98239538715778108709628678060518748608943046192672308403747979766017751258374
81001570359904893585680242663029149308211859716689875705998744293916318454697
109063203454813508925029840675095014088159723231447721871712233620314965362313
63798892915771748626394858317437531852817515839610251902690990139047846117972
60414654773406745293352185407906817034296980510428452493139520924349562755462
97635342868798629216424770103207249314486072834223154912567086888899207906064
63229574168896852108500090047967746135291820646731757721282625150445547302678
88030061413739628632873436669745673320805496561021227047615269021617302289476
98526312382342070534075145559729065792100101279909921650099725320092051670590
73788653692817412112061276645053135937895917651251498531451095864830069975592
64672853482935625447381105274876784987421588524981736041092425901557261613346
75835634750573095565630827185815813208490372983846592653035955260037035526280
77824827971049444753692996013192084307217845319748979573004229737444272894302
115366111518006096167343957938172516975578226479004663789530414409331521427510
75446624271134784848824916149545218130899403244504121939079096798017469221680
115249220505604254511682260906188846918945424427855447724488141829094672570242
93627988104579463767359708330580957201514408268456473445879836295218755169843
74781209325615188750300542576071167079820303682043171429115613372452714767581
82981588666496081124009026672746309671665924938322487788605948910837475992958
111806047679329313827365344067768553466949140985191746575363580114177703335276
67751266165287709368330027360927957077430007957991772812402506722869314332427
102489285973554316899429148640592307428358343602500793981194300130603237240035
105676615360569566366863278449643093481040207940718814585393216927507742471446
67695436789165806602868062811379610068926893873895462784891711679698195248071
94460921434122956577783782670756077895178917195880665580365217974535176948060
78104965260217134865599363675620084788302794542610489823917995981842562403210
100031710025821140026546783056477801665457182427698712274926657938588884262552
87981700207842024148584896098142966289227352408227140254296148868159052610230
60757657130450858307867522540114310647516196065419123180346882970739145458464
80734324633683805757304463579825206313564012363082859891058195212828931034966
85615354417925421995911950887104133200736896178962997433255611808221005798325
73815205916572467560973477171284376227240390250529595129591869098069102882725
85822346144488705747781513531185257040954025395402102881012055616150798288734
87545558463484201982478557826989121030127768047489960432115902863533251761535
67258192215956225549768767869622902641123562887375239119155631134625031304681
65895837281015318436846865821416021068146882428633326829116489833740514978704
69159830845687655457969939630843842404478197914677986301482305758925177199434
73853145957955602453690856688549461080167473212014222564791299255190274897657
96855602802940040311692043544644903033558206501669887083033745759556741170284
94972960934832239789996534078493790506161615022239786706323374254747079793399
70854756565183720119961411778096453551892563883330256925409405693603305024522
90079764149648716580385857713832750283983593063760584640714535291604368997129
75386387124868323030068614510448414746099592068145192821169165136534762124188
77176129426496651928459841866401351429513525032859280080477093365902009712822
63434691780375569329999773256104202547527675395921517519675972172450053432780
68328680045385908220071764457673468387770054335804031386679718223835099723674
72171213909907350850854570654231143912920265781302802491764553160972965291253
73211607226215727514684268327623319050835612094477350975939571278829800333517
65173469604861153648993164815276477461620166036194135573882074270716975853869
97138345609046235494344248532526090641737203455685103365668320982711434330517
62416127765678672375695129119304548234960216508442322823679953416416058933379
105097441360689362412229364822922126893536983184197847880176078646734408165928
83277183569149066788522054731231343330676636697596010920998746622381335224823
95274750751430637778699596176736496731186989683627945665333343915977226407333
96525643389839120764980830341299016406780061592412821961763273609529456744960
111431838290180538125654193104999942349776352313496561491852481547797690687304
86044268454426928537740450715509071586402785403787493879036738578288750366963
114638551829511260314875059390414455406593113737208815334598005318057697993293
100443329549781275645454405416209933003155092454358848282567860443908948306615
113926495669881474782701899197658751005887244470102380120380122665057383872856
59797731321862869529005388726666517611771385023045625578284669203028903286240
104941753932002465692262701346686162218755011645606019453348059089586916173447
107884386941791601140551023916707075500856993036662469017289554312910363575965
73397662959878352457727354790893791935276208658100636902650844425444351913761
91424118929581782600129762587695131686229645190686635799642336193266312682751
92497914107684424102650195350308679160532877881275407858862244406573804008361
107748379396624753339237435018712258675517147945967901125712833434570493641266
85702409858167730150211790766083191502967015066470677221004723931698599519969
108419457321853610372876357428953737390022608169889166918236208624143614514126
96064173546450488587071018484894898328455893077233064349007657186758977665901
59317175227859709886140783676879731927158681509290170014874464711602359873776
71246266579931538330629626063318224156334653472890862028929596894675667345086
69774767231143011444103086617089565510100567029667995126832400805088052715504
93265737720880691250255612936250304088814719916478977736627522804972939633052
103710914932569928001492082557546132494909697079930579951943201055380745895509
101542331682959441211716589146364729460840388024831031049466234825720230167945
101976866714606217613525291450581866060392521602200427311798194695968741556641
110144558663820620404885231343560462015792012197031424257210260551655670888196
82258237173903985427545864432373898262028334902294405580631278334648364391816
60383195419380153811842189632540849194512615199006223997654330455804116579753
80774024982574941076672373330043650083073980529932696186103385013710542854367
84769473228809570906072099345942976985908723519942208255301464862631463674228
88889198759054772217439579940675396716213981460413032263645837008974450936325
91869288343787752604014691552416588040878723344181938395874597554875142695525
67113264779506870088928472753989870990217666873976753853834915598327448251569
97129551358746620914524283019556746232742263655335199676354637673055013723027
60183577787024185811964286817381652509145421484630078458067588743478297536779
72571627790832689705867277457137871117990390788647670238513891987731670239534
110972248713658802423095927715277523350530257670644553421000538807773030957454
74284475747246340851646354927479083240218096945524540391986679619256989928255
72950467262058510491680927348495716302547194775360048978098777591331337390194
86854101144560586113244754195310689064382884540672957233304374989890129722436
62504865283565240512065162292758176645385575603167994135593418193861135859416
81387776105441574868709653971532264480764265973279646581947897363059518587323
95950434916693066814163560960747155095137904868285334397417926401386649237680
62041421035426358716173219983277497515423655305840431247159081139508812006763
112163679540201789847485640366301672628209655068177981084419800445175084401296
78401193678915939056372005980525944155714156521467781209085704444962388018168
62888504402776562342054294931696933395090801783908639659750561712379951913140
112054574773854373971243767949792358773775029465265351327039060298860808995807
94608292511585500622668310290375657734685013100390745791548495696869573606213
70473225367727780799578241553742215952529948617111642174542910459831686937957
69573518221008192860605128436354864970275618878895943707044249050011250529443
62025285535620315502071473543879148685208504117147227545636405021459626107372
100334341264934777557199530262659216314731750451917206896973410903801300482506
70145884927888423095880873077786989877818323203582019402408964472202658772895
68561698282317179696731773272635713764276286691446300970540963411593762303918
77533097678309150770890899463700358735403291404624574683946774043250090901017
67466130221069304261544749832819430126965827291712195477994862930641060505209
71651053416773926877560977033840565756595013073864315824883260254779195094281
68297342552961384775123959524578882225422855764993745933462576035976274522060
87022499829448353054108428360436367739225609829330525929421714262630132122528
101470364119635845669753262096004171175437983024357121771458458699736502614367
95049166797573467960474489964285643814481856068116841490554644467634552183313
106288578793222669682629013235210073238800646139511343823107342750280866410939
69173989173405411640166273962201803856530071923551569528129371150969626480118
58453633559889959875258417769078765238697861063104362122821346696985631266164
83021702709561652383007653865664033802974859440866399252974611548137957448658
66564561430064405414003926033049240174889120474879070407515104342377857278684
109646825714383416870056269055159234929642151013007796694240312840353922964014
109188738966943073664013573098547976911961774012693408083435391275388867042311
65191788034741485799159553352064058635559388070106354472018473586550353009921
94934811732884466839730752080273399527485731424952878451062770012937282119572
95155479259930645436798370741785753130084830124154120133434550161538469284198
81630381956829340342026355584603923522112136971665157666157683676681411562673
90030170422375508153352379243946725266059170844620923302561701128464221144331
114976959925438558491722938963471296417979387446245974771446424769466330050497
94106536934471466018627454136152843770103453141688370096868125915975572389257
92975946852790161125496037928252901964270719158977563125335070691658828015704
73917413481656679684362829523885233693001173069170559176829205815125053895174
62918445465795386841550978649091430414146002435355390255020520749314799202580
63865514196032703688933428707548276830420272840049764472068420559675650563243
75323133699623181834340505489766926213486191890859331946974151456471241124515
106464043577379914073150602671754449611309713314130923179423188257164065203367
60021865650926496157458085434718345424085743405596656285000934209093748016649
69889600221046146106759415168690052801773605886125654599980725375817131093745
79380195151362462783024636512426870540544726949993996490218699002093418128558
81330427535581928548295870485590148631912060870412233930441841214432293967015
70970871325592893682210354690891287964461100929146912587294629498381106425877
76031222144522315037871600462076692643688659183520923507448153963688205904937
63354148603449438178901865795759506540589485431278788329228630025790204002102
81061072613694895592576871456909309396667778484189439888682256732452751915378
96831295963645614995780105244067909399461889545326713123601301917843267752082
67711981648669077639624375210342960322086888215694791098600469478885917220889
78666576183258888597561794928429022769118390282922135139933835091205578289004
93565458340420591480545164684383540116752197954537128299679366571306721852823
84515372028232227957615697595404644386147665854119079689183430036478069505899
71858019968385877678720935955841794047378095752117737503625417072442782485523
114701365536361591790429308392074080366568562953572717007391845692788517153842
58174419752890598685007850996103832084553565473764236321947257603996962845527
106980193829641589513950027315925777381818352366373486512841386411131554097698
90140595802085315589985307328004857619496179669785083892403425059576945137317
97501500601901314960751122056245817216856304216719241986928360220139115852720
60011778700547051348219905891085866779506632616896557856859630495440093104697
71738673186673225386052309209142513090247225078868414236551292202158263862853
86940583792861329450635392133684117984615372597770610939837212476123570089092
106626902954532171159473639844427392961478640728814269643304971219932502751896
58351979029594117182098881949223546551762400389082153559133820161840405031772
74297016799096060400656305463586044132512259651078301564570136066748735466907
106207786127737360404756596732108402021358418917370393413086809800874851753251
89663919145163351270972925861304450534365636543780189565265984406144311792104
104627077429769154788863217992144328287024915490220025589472317143739483567405
75989071887533696830939141547679077767215070424820896981270676031925455762600
102861204057877811763559105872855419113153541529465122540805160070136245409297
67654075741525135825475789696231957384005685361048271386733373725218493933399
78235846033777252288926580116137801393659182087339629863709998455806379639844
92986908433959978209327909324560845767199691179548650876028805426482095653535
65493003590954536124180743970580558912924183680006839678494846325355689126948
100193592128434598850859662701462953118915172082634212157956132887068693251408
104092517982117089425667262806076879014112413760440408174237367512585461089201
97128267012067589515538782444559839105750420560938843371697379460263085484417
72017995715789334086905216126497011895180230365865891489760418026238213947325
96037184487402525920062424993932394303802834675001826433196094172500543283096
79599799819707148795139587907244031275511408380476865337403687977337655848421
84866116112702510624924623723328428523467575101067142020485595850985525296981
62675883515885031926628360390373915319727227838188663287894291591868653682326
65913721110844880922448970014016395437688090803707289494963903907908104217687
96536852642531426885208909286831808996758919864380020371371972182581031580661
58575016998542136528062181490967233185433249532116836074012404367224061329675
111817343059506524753948592975074968300939475155410237240354006550919692099066
58806221377661276459784184712412798416879924063872791943439004956246328186750
67895330226425907041115217708406938127734781181832653583316798132864129744845
88796161814389386962723964748284782567902830012672978679234623693794715563638
84348659787858285541970195480699263522005445520073828929586810082014343127710
62090083277663036933194079295980786361630535680833803445939641070156592505453
66905477634209016708764480677137081909764533810730895525673450615179976378662
99308143283408226328387933222838639039776711561339036226308616551162411606331
88630554687577120533619304806828734814761685176292013014911605500266437956002
60414098383260129301754871685897120493025557382317179185397957185204112836946
62141895753906435323827271695326536786811806803659684836081792467960490134365
88197277444763560893116212196091178054611971615434416843465396551715993232700
87383392371560804712539309268548145661378964855092707561122966855034598716132
80859115305684784969615587733936767744557943383076508117654070970873624397286
58200186810136719779695787132655880753217055320523270403695229834205197088776
112670150619920862044630342424993587085382242608474755376533708994692921831353
96678671169137928303430949540791880108312003946511484185496397987922067818145
106016424664022070852500359031895016156247558678988946989521716793629063522681
113307895249866690951812274430919937464441189698106400282151693998714007900150
78661333327256083391125245357067365649957069055959855093414420138305330288446
94159753364617541966209693139462107274088883039631612780393798416877480220175
93404916328896307494018038335095390375173256264524445851253740284862261279975
94912890677769463610466598578470649893669506214180274446320744033369144817408
102519229913284304309811579448806221653224107748368788515218858307902569603502
72374614771387184590550298526446915854466977462174826722213282190379952568684
99984524094554183991246480666882930085992930793654328916438333269288148970480
82731956967814415291544600714510752140058745301451940843970874292186826559954
101379442605191381620514575134515293555355466924187083114311436760039229530750
86801819182203514998876572315771915942831712577509620499791511929990630523708
110402534542188358862471033975914488711178931595775673817067468955173208405910
107011220763913720560676344022271314811913245504559671403110955840709214697528
90752844886365068935933947782544333052722171619202536104773234173721302771423
73122973004102489813413787475951769146433595168358241223163844335935419891917
78431023025450405218717719780744064967921699355957245412803761270549541031499
104681595108995861685303845956719569849531876141370099619737025226715171333066
87064017999536436107651320415073730154755144185943464158776962660569545927004
85862096076986361011851696482678812413914586313412350606472769941408095823115
78723230294342878653201901825709775512371685123440413865714362368676985684164
101680868241542672170682444192849907653041831066686260748225512815904419399536
90870300519782467337268483273519027023746257419072766712021340741303461459273
87490924763067755828085787281926337078589038590479787738040660825390838549964
72146866103075308299666152619802474127929808089430050013865548614478321463861
97744411618126080981100461195888528294527493437901714905248136598468356328761
82207986234595360728347203912940747702960866115661513044909235977832271977766
86479754313328249361993116171957259028776963824072616170902990987569390194160
92751081163134406108096389253847939589444297254209263051976716215124996771800
99081836964994004275794533109029066595728166193077510584568345481072450245379
92812400820453786440624909051533401625596513887447459884483026792078518422364
60534729927280724690410776518970600735756703836346891131709110143055763951607
66355138706331832621147966898634635509766868780957782269168557592693584262839
87407301749277178823488003906410076017152664665582425359838210954686019400700
99541732871445113608799586945523972626714702762399137891533643420431268419070
86455502934493900193418449384212362453469543327505068084712181837426825959567
67351172486181175739759915919617529458274514298616511255708118162957324542914
104421412501804747887904556564344215463629116092155386998502812546428959706519
104267697635219879691720613275317129368628339394826117267986898798470868874807
84859087454431305572400649799192011008913287071893228053920447571900224130468
93585077350811116042663968449937301671798989992106600606007017010307748516681
65909583720318058953372656978736917077904452944887852262995584203656941799742
92988128092576718532173656365173956853557043995242729762381933350725794349907
98701255899036220802637961738861710049834996374279931733403933104064894720089
75693224902155336332267602897588644738212553705821116317080510513419531327659
87431160343305259604283450403548590908410956224393926086709936140113482268229
82543242494328227437376535382239437450006697511249566698717140974194987632856
105113615284559277239334563401086951327957288454995147921391813449953203100250
114784118353370714837826609593691405632361870345404842641671695184396602225862
73120989356705324887827250706278743805087755376606078526157279249867158930190
76260030293427591378487872323788326408358020920891113097192567592333378779137
94046685661933163527669657565095577623684065606184442575072865426014017047158
90052237496943478824353718964129434779654071036475859891739110951509695089720
67582834234894664956894416857726421890810496496584001225248427354553507284434
88290242459646005726288530355119064824933373201321296276129916481034332399915
63609156123743187548333832862346146447876807648918203108002079407843752958194
90116705627013443429656475198244111871598421494800349639931032577902090524526
97857452704641528349966453328569563808410037737273750729344396664245204628859
103925397142336218689673124198923544218718631351572371320819485987338634828379
65039918767099509416880838165231779217437042706284603870961332408675713533133
93511650279190944098879797080765415403450594178805661579949313238139895268121
80918569044203054710763214029918980833259687369221787512397453377414398758224
68967521022245393915162787146288587075745430570051134397979222748625214802861
85180109227365123112157153568856277541306538464055260415682698774035793029234
74624473898914438003631051364191457454635866417834372605690946647275995724469
63866064561688404289242744080384137502350096700083814486086352226294329267031
96680487062305776652848022487397436254018032072049659752895153951927382057707
101840352758949582664581037128282208851423031089137609884100691478965054865882
72628565494010322784067711382197299889037012013990663875294112550876347112326
67312277833071664095115186934903601098928490510585928065433884465566049655731
81208499330479241581064581395498632728613327975845080531900039314626075482917
109806791280298459540422206662178993977311846464469585026122757008462874445419
90706723042506513009193689299180268290734034059288693520373454116777236017674
114618426316733747636270581774970690804205980904492586629051140227907875593336
110677986450589735046340144556356221852251017356067996940867921210164487534533
60554564910136060906879592822806423269543357085508160113669345429130166528900
58816279877353585574669682768013606711766665259046164319942462384919480335651
103423046877955011961752956274984538643934314368976086802427211308610256442029
96129930365989300025881817903936507106369083860361276142238533857196337772425
93706666593282380951949884718671268728900334910184495960155155610000056362006
80972313351344698702050259442728292494439475435919694295234941453737407197399
59473346315533160446014422359526555666845841287895286528026943970148884427667
111054691778313418509943973498464634973328436620034744259254640678320743908787
75400153181550466274699369819124622456048230489126865015385990108234017051487
61362563976838309261114323015928807917742308473031519508651431318764431086254
72598552146559682037773983436940443989013637161895884595867551012954713027882
96383346566411106864450380897340237214105942059044796006298395615199238929782
73607644484864994031158787104933763262446676706715687360453668802499136241104
108608840482949755981158599756439003839862194484321377337122576620378299415862
92086996669285600381308420005544786701943301339724299776058694396121609130914
65704328106195953305404679689799065445446223850640364207897615062630605682023
79277302758605585851701472744598965477514230591971914681140869409465193217408
102600621810243872100656632679546776606932910150894245814566427133489817340425
73586088559332107188437971063256803832405442955261048720096850827702273543492
96877387675719770742175075265215843075036872503737719397705371501933273153562
85340651359336333729648008434590758460186610775922377000258310282220787339312
71245227181699730889435188160172019454258885335684687307569695126409625286323
92332122800661516481640001412501554586824035716425774788187239741247068873895
61733285997722633920462278945715646507447140623130839815233074616289046748243
86763840005885273807749256045530871186080114084811087133213813623447608009304
106862722072288367217421406100679376210054625907502932644538884579704147004222
102050931256994569860247243815611695925365386226131705063608770920343037760636
83430700371072436033382082957066628220957645190551183453737195586311337336538
113299274255579700142851365422101458491103928079216872046962273331258591299221
81032481374030584814682493800196923178068123839601658824330990734969940591865
68788657144711593769804342203199101140667974109483881486626742291556552817214
100744404024486577713604171659613513821619475761719704490115728691601193047748
93178088945350272813558552089690493410716120011122902158894487265818370301104
59785387222001444567947000200897154129354793034965316559430335085153084332094
107340551412570863467007483851831467238036963755836819600015089459259029705103
99576273714939881188167661537237228826740124846593043811959072732366858228997
60468996810477589138861506552484538761410345906626035816602020759664665143164
101222134905300945963364081231919868700894715520309738447117214053894690969581
63664322180003081513573773176075159541845483704564611799976491164653402786134
108951491303334623488628929674223575950396538775788817440542944519913365750506
76303843814602759768258246283005798384413873234854147613219938217973061555476
95848001165061989994776584466036163212669672509732676823799487577768239041334
76941668994588812474695986397871793023495512869382875501060615368701934683820
98987206742231467234005136752577199617256160868311974689491137690855568386275
88825944915776142866590711604300994640398696444609421654738181868683437121563
100434719046075684539534034504717587187362663863847576924196361245415804628099
113808170850997283998826953201952080314181072297659666473517659678831059950706
80782846909004084462788272613454061424742594884085768749382910586684940138109
115650680021449882318376690917567050316023037163917278303540588966692594081508
98958568985911435357129012811806115115470479873614821896036953184590116031585
86438203651555112678863845196202187788701357664860816926674737848127663681919
60614342381803824818920540923017833215663244069331954259566983786887024175310
106659182528987258223509818329073742310613583465838598626693952888985333546558
92811103978152631485477714401316072730355868167299410299313688594516145248443
60044606284984083020356207557499809873688470201318188015734352496757583913001
74593763300906136293788027508746212515666372358387153658391609589165467994504
103132030376517726099338230571364688863554673768565196151513122256738204402477
110974003005474218523029509997097527713386268539256864716163202607380597404885
115402281761619915239682175005642290444576121923041745111036902163675290199969
80697700582279739899448523616573109063630584228912325566696732771276212075164
86248928480368152364893874262934802133262668721144892877031502186483579967727
73986844524627977057094636418225149247272511802511381743457133891755142859540
75504414384383531982783825300806172372172442548385391401707246464758404560143
98498390036717278493577526523977999692499928586636469917655898785991280486867
77928864549743805233790048234864430910884797986159017498275081513060808608194
74945301341006508139476388563085761711416068405553029385778520340222111232557
114560650988458512082917443497203896955676593313587240606916283679570079407757
69359612691606579373448617836238708094882396765642930908975996869910840242173
101869356714492405625562123508330303601379630585630703973233991962961716286412
100937639255557686357575477303239070692316609390735177896033047632583249147093
87651881986836969346117449144526960286429342849230218267381964320775466060461
68789623625186128171233251674993932023785787010446744597163578328570175657372
73402247952583946078325612346970214279006712243830961255776913908993182167404
94281871842266024268614945705982597542239871348807285339760510500713389993412
65179948074989722262956823458556641584357144298085611447208849963601722713969
91769145770851275623924070650163372144298953959287204098818997498449068749093
67589745022136027871073324889960926803182861929744732211615597801129658357714
68696674432767127332928832606213508466995083308958883764821009554867735932413
86345902261781561811555235094555549905528869026821003139371748898897263463376
69714371299488854890581776807058988305762066314031578600536470176346409684832
98497030804523800438143359373294212220693490400185659586315998682458037903807
85698784047348392072564738177301405236884504218762340172462491230089706984452
57978123157619767783002157666315716456238729220325102285725521908229162913984
69732885717505505819146774280525602166515472935508374958799238308185754666368
87258580878273110069526035245764078787277348608114181025647806891025598029669
107162911097298436399663525753288981151793749094303166717893387221429759219209
106756924389403308280640788690180851912733450471368009147485748457310543649568
75599250871730656181617996899827175950356360042902168886216414795381448582156
74227196240980389413249644809100496888165530659151542074339899873397497356977
107028437892045655808987345176186400768374659568161929363940228862680453014423
79174502803899839014704093955528619902374286012927525029956925662992503949438
68928071106372326393828504663480542731537801261245843529535545492097815256431
69610315481993673775651712070493140209742437700681044799913438376197823154208
84895437815980947741949929650468809700069085868473180575650352348714801967843
65866988244444024584149984937174261801459947801155628157037139975123919442065
65825042233320944326225246582158593771499035092811166397533680006425358575040
101060246364393019978479832987465485890324013950431925909447150894626238285010
63654177528743556122865772717932981915925015882828703391012363899208478659295
102270347380436496173057088764120307706484053950228720013616944451999709397539
88862628050850950604383703800475952158161040084288180457197162961639187190026
79335730392496578487482632379233200628208858396602774047480401110680044077787
93589075761398357091646164428395182712708126972982688464630240333611627827631
97618131770280151182981225297929352829618623138298395296046000809038946281861
75017603838206973126353992545629511809832376835088270189754195013976033879543
87922746014776487119695557739555067435200831278691835169235225233670161916834
81276570386037943456022099615225460258666172546625945514578563754193992348641
93155078611983608794467114484149657579358271979393223014105127870677201776707
112219073661865454014330179098368881142403830674811713231727408932807335923921
65008952573337708032023184747323882608600453439588857186518372449979775494512
71418872498285093920997802994349876705086668715020621091286279821130674215630
105813552629624238398752224418914941145464867308781436968364806409765751434192
83438945533460184206476238254780589426436782968474879345023779754370592919273
114720390625377691754674359923584962745114518392311924327645272533635676965523
75010271676590760937245597394311565225257801308775097949921547616957115571327
106339048319678021841997526308608775740667833079540042395117560144962553884287
89986267804683990060100393954811013953426529055711035412101368717089684635268
65375787282854077282277460073650994946812363460351725917051554484426041671722
93611920633281840579835895051243826341175135328578816249558646720235394614425
77673329544716107609978134854754676468770731964121393783900313055483025113001
86909543519124418154048826562765691832357246834737854031634841221889989851411
109110710522061710992104175217916073938489809677780401767335092151996988302584
83311772707352073856701688908520282213299739653896924815429479428057200382444
70315876588538323683855289516784479039307818938245441023378346866347961356376
114457928304433568339147612842094731656408966005620539433711489180757691357552
68734962986740098034688478803155378666153412677153104108930937254610848078910
105590737985665489174655549437831458520926461994041103154823715716898824751257
85125991895073757353457771837816320152399583292835635905209010387253888733864
88364240147438953609096662204297457466418266568739637649200499312503767984061
105052424576980726366020414809644265527531391406622724107225441860746325989432
70181080235690964814054086092376114334263821871111132753455243246356957715477
105945087998484361849165916710928808658429858210080166494328282542089632306230
91698125074629475161316802103546340536112591986703970364421932555951372133671
79575776782282576815064672156091229334219324090983411234902132584058285379241
100290766332262015419437334611230816278962656287545830260968829924865370650930
82387050007073358227934942655420058006967292755850714484079576092229607439154
113104397588522288954909437236936732682565377991448227406817156920722880575330
83265876336308035314374028791956565794144104277889344458468346499789764024876
67651173977426694160251200120623732737907535359627618071403773039563278188126
64360543091323952637685712178282330244164261954906764180628603830740391971396
114559167645532545311819439843462803687329461330832975930550589056907715275161
62386217600733254500000987608662561583180329572699957149806571494225824023505
99978152388284642186629982941725087482342109992484722315582903061203687375715
110090561586591516220829018351033277369677611971561632249497969602324207481178
91516204526025800232193441851067263782894800399952823943087204134000713220063
60091434367474510402048137810174885610992565272905714231765910670707322649127
60707214429147258190157484468518173243335012771136019016795498720458271158240
96550320271198155703799075227352428592900606254273232512973136023376993786512
73467312743109223606905770274573914990536405241632180049492954351644222239282
89880357715943235259016161293613416266249328567682315940029546135720790901386
80882941744157671944289606049303320063080516452922419400094830046887557069761
60163860314424401586220769538294629031221725567220602830552019195238518486626
107626369182258018740206514671340325904983020431635669131388004603962565576651
98093831805050502595791768051342018584576967273952633245515593655204056601456
60993743753304539015855377719276849893854778641615182696123022505167528799533
101424223277835747849281444919785461275799626254369069524091221569844473414373
75472610607377959578086812402826301129062289019150486118100678687435525557397
80323183602899089543751606164976805357252872303069895740829246169072204172727
87594863394393140615302860470221590598255594651089091161515930667274137278834
64202206018907917573754509201123069389874945433999922286751896503955237040318
80388144087786738115148340315482061812713229460500204300799674180501343857905
112105824593621259168011193639877998067384147783248274400199636137915097625094
74321115661031869105426239988915926310252706293753135101032372440013233304605
96675947843161024044829283670558650072406598199262432217406606788453043793869
74022067068350519011012276975345748550335256303499372402265245215309773563562
97746729643922844816415971373325541709771912212355904802969290775579857590224
109418650887106375275686663632709806261209500347563079860284452278429316428321
90030275521747605001071277835149476707100350397404292844104487135511308031389
103420384656415709596824994829970820791509639826656421569303208107961992035293
88813644002742364016527504972970305512647681673605434560352019613929823421180
68847433390760713874906415538761269369553767695016128177054258227314434200441
67657544331115216479895702950528954102032199177008979259934045266685143838600
86772590880603308970008910591392811441875970105075937740983220142046879435688
81681002956100746505980274810708492297793721579926502983949151232079336843260
80398019656942118087546064027306693260542811619592139253043377769200673436221
71870058209521531337127469812135078255661571522139784852180891595447217724869
76468181642936718783147461648041324309568039011306366920593982382383566107449
75831134473488150543946300750810728994450716367429792828239639200500388022274
101435965927482176503263925081989788626411683076272620748583669873111430433419
87455614881564487249664445806364382872111375114446667417305473440818349947822
114418828280566685082126087426103343086214150861146242372487550964039994678664
67612798901603237554020806907118369374300778814169686795481767308383245563004
111302884964374111395912949279919049411018479406788206615890313642826543323120
63763171085529599280365783417096028939041765401521498360890623440076881261269
89674474490872819768461365718086918152126030098563865543672948779062908555640
86527562986782312263526030845741902963712100686542352061924470120214295296477
95048373098224432963225953858287442284516732772270848954640886272164159763362
74420156854398061031898899351667451293942955939969921092278219361169470867422
108653610703400431146903090395253730779662124248676926819217128354240551430259
110157292022006053114349608978503673192785347691094291679696539977592025757727
114274772144338419147537633572046457092594483467490410735294764374907197151003
82785865070883926146841159501618302975506049751275639879907362049085414212747
88631170551502651211355827090595930552149441778405157953842458240958136680687
83581663381677070071136081253938767147280683600500103030244902873081337387473
115675295842641236443775602956287692299653097347970498843722209129088424779749
61134986398668565909153786557577953367092489539448000530821968646072030514103
100872289837756665567757532196920054162564579736722213161561825319088439405827
100684933457954984387015470548334024340249003586635460733874536674969338043014
83056695161357223291544157379540516557810323632665597090613267000387918176565
107567138424086871640411618136495740620396627907581121075494723924131233154679
85842353276504856249259018137401431308336343536395413649513193540537716563013
84514637030653155511751850846460441356709337998448138780971509885519211240615
85014777810362759778696278500577415241317163206648855065919579403459766110423
67325552233386440450748559401052548664479596295097834414875745948721513116838
91850901049040720953298160521390569425953236015691973592972902880935310673543
107196015150273604611507506302032514831357208064137618319584574752740881326368
86884038329448316295493177765752404781530914535476908352566008989931061602611
80881719681290234652142368587011896836224931986573431605369623463523057785685
65627654036388918293490058442364052013374894107377138999351408127402846036468
84018706610203363613896733981074294062985428137998760219727780245627888879254
65127122572667717886398532527458010922461123736324648287303701089617288628910
107492551366460189752452609858820659455940665784547414715109838120013327434490
77623244214282529030170247335483525656140854027877784393871400807447718770997
100447427908731227294349436575303391668935186153973579954214610061153468881079
91532586022361266396541575044177063771419759678526212537071376039575854096175
102291050480179904779294244715104218572013241496991056836490352359265221790547
108459613800563740489067708091086538843743127646983215782920245615743783675961
77491730964859295250256765789509103331609097941475001813994551931453355230238
103639226526072480154196092104517600424559396459883551106326092603982264452640
65079587679346011651674269794704569724100811430900976151668253340217639006026
73983063299416820530308492156232054594553348485015957289436044833062597283259
66704101904441081136600971964940522172345194264093443455890927711088578437063
96352437654606191197662856434381233836496673658761409335644091052854738637228
87472080020101727469488812224398438113164174248729210354353666248545129416085
102790032348640027745780763503871935656708262168358683900656927147515888987090
106208441064078173145624068549657642911302643605428195921746468522918767362169
80487591868239660079252520539919317817527951948798436051417302430569371527159
95765077486906795074351964487905175072652133893391892063826328345027673949636
86564113647866256168475732356844404428834120327847753326834514781814108024685
114765807980763637978799505463789563926082437544355055887782657133965811611554
102613851936435018991563470797683601766821415695283667933468210052578116597714
64892070327968397186969188212493659895119710709347725854288491289432764580244
92895892729519539705448703279742401834411464577031719717024581783813061234785
80528700264527292898672827549445328360582679581798630642223277528780857433913
87246774235964572931047104652363045426078124834623571615138551860535944966017
86173966806032970821285050448007122360040656826619484770479085890355465786475
60713639633152261300539147562610097501368294939426721576690362186246319510283
86745823627656293076272516252550849306701656106600538758414222667737893800983
113101984499912114437079797613715748623303041801506512589104959622423289354041
65357456663000527772392130894808330397643993949776798478304053315511286506484
64649538701151019115734509149197324666394218534611028950071158222117205008877
87110400021448750347251763300257507727466432422920813924166246564673859195795
107021913676725715851197578604794750304672726872817706698888757029210832107991
71667776228618392188472447329597585517028472531938994811065050592691347900286
74526580369630650984600951621209919615079983035405302810141731832426227718401
115198301857546603092813951271876420387694296487900985589276061735674128387724
95558131117139294207502720150161528623892827474610564339866555852428415050134
84062807234096565896760915802968648700072446956142232878358376818595404357762
104547150963628454602844643183831967189982923402494650789062655277873612455571
105343715434041235310814985527621249643921154346571431244906291066288954256642
73394066197793298188264490606959736491148379539373839836191368647608364518349
110929246130717689890278614841002415564384287001228524902824918883461273635113
80023110170780977448408772014572092250122650251414758048280207156516017569043
78447519414378519430749976566940088401651375792175662170464985159903601370256
69437590175263719530009968595270746391008508963557102257004932645536801484326
61094767302610162846851850528870831627268370229879289460934830816245941555717
99553884674211556444622646292107199428196595779761724475826630877954378361428
64728917723237050656240126266752143397517214378632504713575710518943969847985
109455831140312527283011214735699080029682600360318155917646528383994672850014
96657906072491630316398458933919321248244688596573633278525427671045879131095
101773122346696267706753317448220893394670248668801744725815672284758734367359
115560994348672225882277450565119051995879302263980435514146250079067595701417
100009503538917347867130663153577658841816894697530508710685350615849500862577
78835917196666652227516246756336385455577903681001606253692899545850308436831
98435749676759427836873262112298141534963116523507947996779439492169109434162
88309568188040484847386085625562785666359761603133611178781460646176927487441
94128002230122557589500381070474775869011382241085520602254187327379355202608
83797445038262835468173334856980724154585500671590939689825704709452074838156
71298321936447270111149531864491583603959249889349273609386983318572971869464
85583365615633745819116227334327395782803033755500849053396902342413269307976
74402308877190027181854569708417432646157431090432644134811355919301872042018
75337943279089335941364356239466586061684485509765673758093393010149195465324
59690961678950019070184247394896446659302834222985692600685159052906598559092
66939615871233223858898944894159565512611189947955678872732467423424081450524
75932947243619679512397939802014860676878053099018840234977831171812711509879
106072325814833777119101421317412603892272746561843440287728999567677515927947
89398076417902136634635835555160435285178369916704688287015623392863401152533
112741257936747221024737726232065432322785139332040196177262962063475581129743
112844503675235025149277577604927195916731866417885516904951565345319210476192
84428651155987128007130788070494988746897897805000805936008072689733083159415
69739525186144375071643563810492104575655805906698644178090313607560423328465
58006675580694344820303223481278547131459463869974296930280796651496984784515
88971390541832636227410206573573643149188852478366009208398019078114222621146
60984648525029759100925309465465556322778480451625037968371718985702767747673
94462719602811113606019083320604329988214411574541092816933328149286195867574
90996530927738810584894990249794709946049993923468932298183109615652045164790
96645839801355911422822676865265513687025184236654521320514341915168449900299
106155779638132016937819732374510588521302382448288670171132421848876509030217
104168174328202074767062024125481276642230544457197682734912769061459487974815
84250428199762112669635232153007287838672795680412537813321184455685342172746
80021192880494470876125764283594750450462927665962827217956069873626632433125
87116208920828041878182693804572776903542439504440433322765007045668480998222
64396536825720601039611699467904524761672276761514797901126688847895111024797
110853626818546567419279655655134326683536172867818764917387979237958891884085
60849168080991195252212922544363530247011282945817800570101267391970787415421
79680892968416745922948778512482940894139047444160266356538543343353700735252
93982956986566157629986634789244616398945417284737077622336307812713682649980
103350478033326630652700710704651427708154673500441428323190544347632794579915
104798811158693412669199069298921730452155485935843299374002792671919533785902
103422519583790050752279087559244785339838160849224604074846792361212712643289
113512605166670777840265378285317174745426198193191016521389841578159252001723
108476378125109101831940462231762550954248881849382571207613574816029310852057
115432117061007504820266881400967588129151997832860955595309261310796035333501
79442624000473656171952263317441619759441244385525113958598920741805213942059
62826632655377473349112338216931512129833078231824426271953658309238694570481
84678723151711557526885614837548378847851476880926708553501511318294057778420
69209357987901701929318122890578548077260033318950204845068687023394555946814
82597404213068029003047519669833917902322342388472316142473732174447261829396
105045464266721670748288085196564276208822833185644021283508964054814567743023
105082862541955259438034959245987350434150429053871047769263607462681879013231
89195084758592924794641123586200818979784274072139126257471007380236647759684
68018146933317250412120287925204432787145676006570454843330495659930853321734
109176016543398696584023894942840848206546645301778600816609329558163779420135
114887109048960251537130546020556259397319217894931697065681353566907337079822
87184236847908749134258057113519430614435693061111809875275864875027285767768
114051835107406060311805317097157687067504509132932858379324085471067244054887
103814111874470451683436845543237437316220146466007288328888370534370608789241
70738791011354190975710509880865380327033866581008735672569804383621664076448
105543280534302672901604002534648058625941661957368017268919282033958915701442
73210188036831376700815511636102589774085451252158362228013108867367575842028
97454769592443028289270727221131226566096090488667369097190806823353200252404
97625838842712030228613706596002820339078688360050543772752195145904726557327
73097824400808394071456652884289301513322174269434987444031478251874608235023
95345315908462378233280129450930793662781702406383082508616740503302047309408
98686944527651054090165755206871386650097521111776284324209433674050945493498
58048458918149198257068509138559502395667569272459253612685150396579234074250
85034590437187592536536803395494411591486919832281542133866076581428262328889
95133097095913426248518882535138336179740852138902895389817462951703352977336
113322728007746747365966689108647023439193064952168350418427101729890355737874
92785026744278092996334653017958455614645659039103095141120466862174334347214
109379202971461225581475737309165756828543963542224862449567550294662558959641
97235714589393112875558044139768631319754885525207862888678170934460551846754
86648827600757312329471650667619867257323224110233422356040933227318726881241
109894434109339173217666268693562230658204547813469129372062964791707104420228
58122514165611571655699665273372022565629130501926160323796850721990545804258
110346218327661439392305423864423120165695898431922896186201005994243675988908
79194926485948616296710779518924226937051758327738725768178075298997521967300
61973341055176220610776491319226685038409210762766319511309938007833499526328
115212113148709045426745471568864128256000296951809617409123187739895983051059
98758528583451230612141440160022764060954850997129024319700654569247903580549
99973592376887694596475283907193623160199751400529533422166930951526302674191
106564991631825770759926567316329173127624831871106183765817985607441119115806
60603868096699376873452565306953845680762820371134230915418069813948778988759
70605316674397940097237032975369607347097893821295570728568481110823166873905
114765527582707037707465718357585182515067725743663070967568529256149560191448
80250652538554593573432363578501545774548536751656741593857924253861588799376
62877209741253983903700976271584861026458119245784947385016654225612314262619
67163283147510516076494685369161132151193686207761844327503802490329443289375
65634341854474668887148280388240387061913070068292629578445275941367894609871
58963322469050464666778100442146971743117400541731739242921685188217551105054
91508934247805428497034846209541598962894730858433014415879214600992804755005
80404634701676370283000662478538750679206101015971662193615503308140521322855
105677985789388536265300035463438126378673564523527210989401288095825025231943
93670303588988657192236419912673029296821645106171391491834337728275282545978
111398856033899887700103001386677324863880771584208821474476747831873267622936
105460255964261900884572071744688984602659937601073487583486345212189233231111
76820572738186971001274492771583524822746477564282417796338757818319432921550
68248884329547929809540720776092773071503639034516869387213520424364134551489
69698978144619082237332094783714932079401409585855097357109398458735880145674
114329615407079513421832780245740130403816351337105034650204074323055563050133
88247359722578945563779583441557764105124026912267589540785097316857151611116
71447586359086187300293707728156200859115973396473660256823156015138455935949
60737026295388188095393471943991638403635669109830866981416161004015905071580
97307247042184425311900188938878614935843641879957106823924813786516388929619
68341910070735042521455178047483288444697997497771251682576756190525296695109
100889367590915093536619524259794299176014605006147015398776946585128284623706
112375076891549475802668958761813857384357031148845392801907885858679881881223
84229121086047677121441042437441330037868010397339420836473825190896935580726
83016759596077335103585294520827194085399705056993229086331447515180137858371
100209358775155610608845359872025717397789941063190831633358095058219331631372
96494380238530246076167720184814933532482535994032885348009826493505869645376
70808808958394597017812049184670242640771395008120188798481267375916697217040
75068480222135069553405884802347285844690285620029381054223497330304876593359
113332426313257967665797485035797077743893549356561410041312581815272237708498
88414776718854869514958149336011519758308119157721616100570119368652912441073
98850103293858280725043526023652501103837000377268663837372662269267384776090
93447536721832287849195652735368985673326409015259547919708044766798752638096
87647743170163048471136139524225775518521455402494240526883608860727065396694
77002759285509533877105991413034068206229886942034867668530454367786584673950
109483290068050625443034478289510655165803385994630020440181757446780668148467
85179708095370088870821159163578128467911523621178485929265287885438754195143
95102652588811058810751523660900410734758548741458086108894103376038691530834
73083071106019065692820785121946315668070954250953576907497892554323942027738
84529209816291591482007891393788587675389691976724259142020634160357368030746
78952495375635354285829595050855850658994203795604367027000685837600174409156
104548577532512357720648014859277311413103098843218354279515400760200722130435
110643983718009568565963168027322408728869361348836160743873425804933672829366
85146826438688827991358366299778372534635522272483840310941177445973481524476
69558391297258742659325796213819670904818521383801448292729292579538247218974
81229284643991247226136002492989901675682477027449030444776836340136021736148
71878773131255143462829089159963478539923020322592076209412564010199425706882
111072907588608680952523038786510215343242287695174482220806239913065989605558
105647672529448332326637883830212307131016792590128119639609092805457465567121
69100518941904786925401954241249088549680911951746953600218080976312405215245
72625027257494381422105945241905239755215408700680714537230651393534121092681
63948951563598993119011357878295720872457567205287189443413887578507499137323
81942546617879508340580753719509817092305457470859367513878228246055760615173
87917075091456588092051821764966562268243928671171575101345214356000122256119
92090048195689072089948766033621850774009427944947135953576078751003843526888
93505944482740921575684144679988884213348730334005536495197579814927200155458
59371910519501163809194976440096960691376845391841045462768772611582559899559
110053690914844604309097936298229633097270647401208694165440267407239954350676
74938184146900302063380551642028085506431158713242426286670325365515278473172
110377072732691505595366143574024417047641989485930837468466030771006116978840
92882773842956625953850211740416163860844508613739967423390818995430265064312
86142890986973195537749323747966944936335207415859133616783183330472560628321
74105020331660885554790111967291272137421830882943331438948902815327681380391
93829601949180621245433617923281482876872954596901434994091198456789447405903
89128383619219424799913972859404739378879458561922313075500289387781874785888
86905880607811001206180051685045876870730802352205103306081485392695652376111
112716112879742592066791453438217495226777206985597007916788757423897299084124
79858065507122492179071943963694917443322824244363155633508550926105056347648
61505007296814272969103219628414401803002332132572437483042997476101562122896
